aruco_1:
  orientation:
    w: 0.9999307874469302
    x: 0.008799955512316571
    y: 0.007806477492992816
    z: 0.00021483215279731197
  parent: base_link
  position:
    x: -0.16193777608199558
    y: 0.2804657952280274
    z: -0.05178560927990916
camera_base:
  orientation:
    w: 0.6425272706151691
    x: 0.289909984327876
    y: 0.30398480342034845
    z: -0.6408620394327803
  parent: base_link
  position:
    x: -0.1496320242580068
    y: 1.6554056688132988
    z: 1.0254501898779753
